a01-000u 000 2 prt 7 5 52 36
a01-000x 001 2 all 6 6 52 52
a01-003 002 3 prt 11 10 81 71
a01-003u 000 3 prt 11 10 80 73
a01-003x 003 3 prt 9 6 82 56
a01-007 004 3 all 9 9 69 69
a01-007u 000 3 all 10 10 68 68
a01-007x 003 3 all 8 8 69 69
a01-011 005 2 prt 7 6 68 58
a01-011u 000 2 all 10 10 68 68
a01-011x 006 2 prt 9 1 68 10
a01-014 007 5 prt 10 9 76 68
a01-014u 000 5 prt 9 8 59 53
a01-014x 008 5 all 10 10 76 76
a01-020 009 5 all 9 9 68 68
a01-020u 000 5 all 10 10 68 68
a01-020x 010 5 all 9 9 69 69
a01-026 009 3 prt 10 8 77 62
a01-026u 000 3 all 11 11 77 77
a01-026x 008 3 prt 10 8 78 63
a01-030 005 7 prt 8 6 85 63
a01-030u 000 7 prt 11 10 85 75
a01-030x 010 6 prt 9 8 76 68
a01-038 007 4 prt 13 12 86 77
a01-038x 011 4 prt 9 5 82 43
a01-043 012 5 prt 11 8 68 50
a01-043u 000 5 all 10 10 68 68
a01-043x 011 5 all 8 8 67 67
a01-049 012 3 prt 11 9 79 68
a01-049u 000 3 prt 11 10 75 70
a01-049x 000 3 prt 11 9 82 68
a01-053 013 4 prt 11 7 72 46
a01-053u 000 4 all 10 10 69 69
a01-053x 014 4 prt 10 8 68 55
a01-058 013 4 prt 10 7 68 48
a01-058u 000 4 all 9 9 67 67
a01-058x 014 4 all 10 10 66 66
a01-063 013 4 prt 11 9 78 60
a01-063u 000 4 prt 10 9 77 69
a01-063x 015 4 prt 10 6 77 50
a01-068u 000 3 all 10 10 70 70
a01-072u 000 4 all 9 9 66 66
a01-072x 001 4 prt 8 6 65 47
a01-077 016 4 all 10 10 66 66
a01-077u 000 4 prt 9 8 65 56
a01-082u 000 4 all 10 10 62 62
a01-087 017 3 prt 9 8 65 58
a01-087u 000 3 all 9 9 64 64
a01-091 016 4 all 11 11 71 71
a01-091u 000 4 all 10 10 71 71
a01-096u 000 5 prt 11 9 82 65
a01-102 016 4 prt 11 8 75 52
a01-102u 000 4 prt 9 8 75 67
a01-107 018 5 prt 5 3 67 38
a01-107u 000 5 prt 8 7 68 59
a01-113 018 3 all 9 9 84 84
a01-113u 000 3 all 11 11 84 84
a01-117 019 4 prt 10 9 93 80
a01-117u 000 4 all 11 11 87 87
a01-122 019 5 prt 8 6 84 62
a01-122u 000 5 all 11 11 84 84
a01-128 019 3 prt 9 6 84 54
a01-128u 000 3 prt 11 8 84 60
a01-132 020 3 prt 12 10 70 62
a01-132u 000 3 all 10 10 70 70
a01-132x 000 3 all 9 9 69 69
a02-000 021 3 all 8 8 65 65
a02-004 022 3 prt 11 9 76 63
a02-008 023 3 prt 9 8 79 70
a02-012 024 4 prt 10 9 66 60
a02-017 025 2 prt 8 7 71 56
a02-020 025 3 all 7 7 62 62
a02-024 025 2 prt 8 7 63 55
a02-027 025 4 all 10 10 89 89
a02-032 025 4 all 7 7 70 70
a02-037 026 4 prt 10 8 87 68
a02-042 026 3 prt 8 5 69 37
a02-046 027 3 prt 8 7 79 69
a02-050 028 2 prt 8 7 62 51
a02-053 029 3 prt 8 7 77 64
a02-057 030 4 prt 9 6 65 45
a02-062 031 4 prt 8 2 60 12
a02-067 032 4 prt 10 9 73 65
a02-072 033 5 all 8 8 88 88
a02-078 034 3 prt 10 7 80 58
a02-082 035 3 all 8 8 64 64
a02-086 036 3 prt 8 7 66 56
a02-090 026 2 prt 7 4 64 40
a02-093 026 4 prt 9 8 73 69
a02-098 026 3 prt 9 6 77 52
a02-102 037 3 prt 9 8 68 59
a02-106 037 4 all 10 10 83 83
a02-111 037 4 prt 12 10 83 70
a02-116 038 3 prt 9 7 66 47
a02-120 039 3 prt 11 10 80 71
a02-124 037 1 all 6 6 41 41
a03-006 040 2 all 9 9 80 80
a03-009 041 1 prt 8 6 64 43
a03-011 042 2 all 9 9 84 84
a03-014 043 2 prt 10 9 66 60
a03-017 044 2 all 9 9 71 71
a03-020 045 2 prt 11 3 58 16
a03-023 046 3 all 11 11 75 75
a03-027 047 2 prt 10 9 83 74
a03-030 048 3 prt 10 9 75 67
a03-034 049 2 all 8 8 66 66
a03-037 050 2 all 8 8 74 74
a03-040 051 2 all 7 7 66 66
a03-043 052 3 all 9 9 65 65
a03-047 037 2 all 11 11 86 86
a03-050 000 3 prt 9 7 64 49
a03-054 053 4 prt 11 9 77 64
a03-059 054 4 prt 12 8 81 50
a03-063 055 3 prt 11 10 98 88
a03-066 056 1 all 8 8 58 58
a03-071 000 1 prt 9 7 74 59
a03-073 000 3 prt 12 11 93 84
a03-080 000 2 prt 10 8 70 55
a03-089 000 1 prt 4 3 24 15
